

7622 5798 
-1
7622 5798 
3136 7622 5798 
-1
3503 7976 345 3136 7622 5798 
4645 3503 7976 345 3136 7622 5798 
68001
-1
-1
6098 3686 4645 3503 7976 345 3136 7622 5798 
6098 3686 4645 3503 7976 345 3136 7622 5798 
-1
-1
1790
3136 5119 6098 3686 4645 3503 7976 345 7622 5798 
3136 5119 6098 3686 4645 3503 7976 345 7622 5798 
3136 5119 6098 3686 4645 3503 7976 345 7622 5798 
3136 5119 6098 3686 4645 3503 7976 345 7622 5798 
3136 5119 6098 3686 4645 3503 7976 345 7622 5798 
3136 5119 6098 3686 4645 3503 7976 345 7622 5798 
-1
-1
97514
7622 2065 4699 7275 3136 5119 6098 3686 4645 3503 7976 345 5798 
7622 2065 4699 7275 3136 5119 6098 3686 4645 3503 7976 345 5798 
7160 7622 2065 4699 7275 3136 5119 6098 3686 4645 3503 7976 345 5798 
-1
7160 7622 2065 4699 7275 3136 5119 6098 3686 4645 3503 7976 345 5798 
7160 7622 2065 4699 7275 3136 5119 6098 3686 4645 3503 7976 345 5798 
7160 7622 2065 4699 7275 3136 5119 6098 3686 4645 3503 7976 345 5798 
7160 7622 2065 4699 7275 3136 5119 6098 3686 4645 3503 7976 345 5798 
7160 7622 2065 4699 7275 3136 5119 6098 3686 4645 3503 7976 345 5798 
-1
4092 7160 7622 2065 4699 7275 3136 5119 6098 3686 4645 3503 7976 345 5798 
-1
34826
-1
-1
4379 4092 2625 7160 7622 2065 4699 7275 3136 5119 6098 3686 4645 3503 7976 345 5798 
-1
4379 4092 2625 7160 7622 2065 4699 7275 3136 5119 6098 3686 4645 3503 7976 345 5798 
4379 4092 2625 7160 7622 2065 4699 7275 3136 5119 6098 3686 4645 3503 7976 345 5798 
68001
4645 4379 4092 2625 7160 7622 2065 4699 7275 3136 5119 6098 3686 3503 7976 345 5798 
98342
-1
-1
-1
-1
476 2997 9958 2065 4645 4379 4092 2625 7160 7622 4699 7275 3136 5119 6098 3686 3503 7976 345 5798 
3970 3727 7410 476 2997 9958 2065 4645 4379 4092 2625 7160 7622 4699 7275 3136 5119 6098 3686 3503 7976 345 5798 
3970 3727 7410 476 2997 9958 2065 4645 4379 4092 2625 7160 7622 4699 7275 3136 5119 6098 3686 3503 7976 345 5798 
3970 3727 7410 476 2997 9958 2065 4645 4379 4092 2625 7160 7622 4699 7275 3136 5119 6098 3686 3503 7976 345 5798 
-1
-1
68629
2625 4087 3781 7189 3970 3727 7410 476 2997 9958 2065 4645 4379 4092 7160 7622 4699 7275 3136 5119 6098 3686 3503 7976 345 5798 
2625 4087 3781 7189 3970 3727 7410 476 2997 9958 2065 4645 4379 4092 7160 7622 4699 7275 3136 5119 6098 3686 3503 7976 345 5798 
28644
4087 1896 2625 3781 7189 3970 3727 7410 476 2997 9958 2065 4645 4379 4092 7160 7622 4699 7275 3136 5119 6098 3686 3503 7976 345 5798 
-1
-1
6279 9997 4087 1896 2625 3781 7189 3970 3727 7410 476 2997 9958 2065 4645 4379 4092 7160 7622 4699 7275 3136 5119 6098 3686 3503 7976 345 5798 
-1
6860 8344 4526 6279 9997 4087 1896 2625 3781 7189 3970 3727 7410 476 2997 9958 2065 4645 4379 4092 7160 7622 4699 7275 3136 5119 6098 3686 3503 7976 345 5798 
-1
8992 8568 6860 8344 4526 6279 9997 4087 1896 2625 3781 7189 3970 3727 7410 476 2997 9958 2065 4645 4379 4092 7160 7622 4699 7275 3136 5119 6098 3686 3503 7976 345 5798 
3341 8992 8568 6860 8344 4526 6279 9997 4087 1896 2625 3781 7189 3970 3727 7410 476 2997 9958 2065 4645 4379 4092 7160 7622 4699 7275 3136 5119 6098 3686 3503 7976 345 5798 
96007
2997 3341 8992 8568 6860 8344 4526 6279 9997 4087 1896 2625 3781 7189 3970 3727 7410 476 9958 2065 4645 4379 4092 7160 7622 4699 7275 3136 5119 6098 3686 3503 7976 345 5798 
2997 3341 8992 8568 6860 8344 4526 6279 9997 4087 1896 2625 3781 7189 3970 3727 7410 476 9958 2065 4645 4379 4092 7160 7622 4699 7275 3136 5119 6098 3686 3503 7976 345 5798 
2997 3341 8992 8568 6860 8344 4526 6279 9997 4087 1896 2625 3781 7189 3970 3727 7410 476 9958 2065 4645 4379 4092 7160 7622 4699 7275 3136 5119 6098 3686 3503 7976 345 5798 
2997 3341 8992 8568 6860 8344 4526 6279 9997 4087 1896 2625 3781 7189 3970 3727 7410 476 9958 2065 4645 4379 4092 7160 7622 4699 7275 3136 5119 6098 3686 3503 7976 345 5798 
2997 3341 8992 8568 6860 8344 4526 6279 9997 4087 1896 2625 3781 7189 3970 3727 7410 476 9958 2065 4645 4379 4092 7160 7622 4699 7275 3136 5119 6098 3686 3503 7976 345 5798 
2997 3341 8992 8568 6860 8344 4526 6279 9997 4087 1896 2625 3781 7189 3970 3727 7410 476 9958 2065 4645 4379 4092 7160 7622 4699 7275 3136 5119 6098 3686 3503 7976 345 5798 
2997 3341 8992 8568 6860 8344 4526 6279 9997 4087 1896 2625 3781 7189 3970 3727 7410 476 9958 2065 4645 4379 4092 7160 7622 4699 7275 3136 5119 6098 3686 3503 7976 345 5798 
2997 3341 8992 8568 6860 8344 4526 6279 9997 4087 1896 2625 3781 7189 3970 3727 7410 476 9958 2065 4645 4379 4092 7160 7622 4699 7275 3136 5119 6098 3686 3503 7976 345 5798 
2997 3341 8992 8568 6860 8344 4526 6279 9997 4087 1896 2625 3781 7189 3970 3727 7410 476 9958 2065 4645 4379 4092 7160 7622 4699 7275 3136 5119 6098 3686 3503 7976 345 5798 
-1
7857 2383 1176 2997 3341 8992 8568 6860 8344 4526 6279 9997 4087 1896 2625 3781 7189 3970 3727 7410 476 9958 2065 4645 4379 4092 7160 7622 4699 7275 3136 5119 6098 3686 3503 7976 345 5798 
-1
25979
-1
8992 2544 2965 7857 2383 1176 2997 3341 8568 6860 8344 4526 6279 9997 4087 1896 2625 3781 7189 3970 3727 7410 476 9958 2065 4645 4379 4092 7160 7622 4699 7275 3136 5119 6098 3686 3503 7976 345 5798 
-1
5948 8992 2544 2965 7857 2383 1176 2997 3341 8568 6860 8344 4526 6279 9997 4087 1896 2625 3781 7189 3970 3727 7410 476 9958 2065 4645 4379 4092 7160 7622 4699 7275 3136 5119 6098 3686 3503 7976 345 5798 
1339 6494 5948 8992 2544 2965 7857 2383 1176 2997 3341 8568 6860 8344 4526 6279 9997 4087 1896 2625 3781 7189 3970 3727 7410 476 9958 2065 4645 4379 4092 7160 7622 4699 7275 3136 5119 6098 3686 3503 7976 345 5798 
1339 6494 5948 8992 2544 2965 7857 2383 1176 2997 3341 8568 6860 8344 4526 6279 9997 4087 1896 2625 3781 7189 3970 3727 7410 476 9958 2065 4645 4379 4092 7160 7622 4699 7275 3136 5119 6098 3686 3503 7976 345 5798 
-1
-1
67645
4699 5999 6895 6023 3404 1339 6494 5948 8992 2544 2965 7857 2383 1176 2997 3341 8568 6860 8344 4526 6279 9997 4087 1896 2625 3781 7189 3970 3727 7410 476 9958 2065 4645 4379 4092 7160 7622 7275 3136 5119 6098 3686 3503 7976 345 5798 
5231 4699 5999 6895 6023 3404 1339 6494 5948 8992 2544 2965 7857 2383 1176 2997 3341 8568 6860 8344 4526 6279 9997 4087 1896 2625 3781 7189 3970 3727 7410 476 9958 2065 4645 4379 4092 7160 7622 7275 3136 5119 6098 3686 3503 7976 345 5798 
-1
1618 6976 3494 5231 4699 5999 6895 6023 3404 1339 6494 5948 8992 2544 2965 7857 2383 1176 2997 3341 8568 6860 8344 4526 6279 9997 4087 1896 2625 3781 7189 3970 3727 7410 476 9958 2065 4645 4379 4092 7160 7622 7275 3136 5119 6098 3686 3503 7976 345 5798 
-1
9520 1618 6976 3494 5231 4699 5999 6895 6023 3404 1339 6494 5948 8992 2544 2965 7857 2383 1176 2997 3341 8568 6860 8344 4526 6279 9997 4087 1896 2625 3781 7189 3970 3727 7410 476 9958 2065 4645 4379 4092 7160 7622 7275 3136 5119 6098 3686 3503 7976 345 5798 
83805
5119 9520 1618 6976 3494 5231 4699 5999 6895 6023 3404 1339 6494 5948 8992 2544 2965 7857 2383 1176 2997 3341 8568 6860 8344 4526 6279 9997 4087 1896 2625 3781 7189 3970 3727 7410 476 9958 2065 4645 4379 4092 7160 7622 7275 3136 6098 3686 3503 7976 345 5798 
5119 9520 1618 6976 3494 5231 4699 5999 6895 6023 3404 1339 6494 5948 8992 2544 2965 7857 2383 1176 2997 3341 8568 6860 8344 4526 6279 9997 4087 1896 2625 3781 7189 3970 3727 7410 476 9958 2065 4645 4379 4092 7160 7622 7275 3136 6098 3686 3503 7976 345 5798 
5119 9520 1618 6976 3494 5231 4699 5999 6895 6023 3404 1339 6494 5948 8992 2544 2965 7857 2383 1176 2997 3341 8568 6860 8344 4526 6279 9997 4087 1896 2625 3781 7189 3970 3727 7410 476 9958 2065 4645 4379 4092 7160 7622 7275 3136 6098 3686 3503 7976 345 5798 
6205 5119 9520 1618 6976 3494 5231 4699 5999 6895 6023 3404 1339 6494 5948 8992 2544 2965 7857 2383 1176 2997 3341 8568 6860 8344 4526 6279 9997 4087 1896 2625 3781 7189 3970 3727 7410 476 9958 2065 4645 4379 4092 7160 7622 7275 3136 6098 3686 3503 7976 345 5798 
6205 5119 9520 1618 6976 3494 5231 4699 5999 6895 6023 3404 1339 6494 5948 8992 2544 2965 7857 2383 1176 2997 3341 8568 6860 8344 4526 6279 9997 4087 1896 2625 3781 7189 3970 3727 7410 476 9958 2065 4645 4379 4092 7160 7622 7275 3136 6098 3686 3503 7976 345 5798 
-1
-1
4505 5168 6205 5119 9520 1618 6976 3494 5231 4699 5999 6895 6023 3404 1339 6494 5948 8992 2544 2965 7857 2383 1176 2997 3341 8568 6860 8344 4526 6279 9997 4087 1896 2625 3781 7189 3970 3727 7410 476 9958 2065 4645 4379 4092 7160 7622 7275 3136 6098 3686 3503 7976 345 5798 
9370
58359
-1
-1
92149
1339 5445 8568 955 5248 6272 7415 3908 4505 5168 6205 5119 9520 1618 6976 3494 5231 4699 5999 6895 6023 3404 6494 5948 8992 2544 2965 7857 2383 1176 2997 3341 6860 8344 4526 6279 9997 4087 1896 2625 3781 7189 3970 3727 7410 476 9958 2065 4645 4379 4092 7160 7622 7275 3136 6098 3686 3503 7976 345 5798 
8070 1339 5445 8568 955 5248 6272 7415 3908 4505 5168 6205 5119 9520 1618 6976 3494 5231 4699 5999 6895 6023 3404 6494 5948 8992 2544 2965 7857 2383 1176 2997 3341 6860 8344 4526 6279 9997 4087 1896 2625 3781 7189 3970 3727 7410 476 9958 2065 4645 4379 4092 7160 7622 7275 3136 6098 3686 3503 7976 345 5798 
67804
61701
7306 5422 2747 7848 955 8674 3781 8070 1339 5445 8568 5248 6272 7415 3908 4505 5168 6205 5119 9520 1618 6976 3494 5231 4699 5999 6895 6023 3404 6494 5948 8992 2544 2965 7857 2383 1176 2997 3341 6860 8344 4526 6279 9997 4087 1896 2625 7189 3970 3727 7410 476 9958 2065 4645 4379 4092 7160 7622 7275 3136 6098 3686 3503 7976 345 5798 
80256
-1
-1
-1
8381 747 296 4929 7857 7306 5422 2747 7848 955 8674 3781 8070 1339 5445 8568 5248 6272 7415 3908 4505 5168 6205 5119 9520 1618 6976 3494 5231 4699 5999 6895 6023 3404 6494 5948 8992 2544 2965 2383 1176 2997 3341 6860 8344 4526 6279 9997 4087 1896 2625 7189 3970 3727 7410 476 9958 2065 4645 4379 4092 7160 7622 7275 3136 6098 3686 3503 7976 345 5798 
58359
8568 3959 8381 747 296 4929 7857 7306 5422 2747 7848 955 8674 3781 8070 1339 5445 5248 6272 7415 3908 4505 5168 6205 5119 9520 1618 6976 3494 5231 4699 5999 6895 6023 3404 6494 5948 8992 2544 2965 2383 1176 2997 3341 6860 8344 4526 6279 9997 4087 1896 2625 7189 3970 3727 7410 476 9958 2065 4645 4379 4092 7160 7622 7275 3136 6098 3686 3503 7976 345 5798 
-1
6147 8568 3959 8381 747 296 4929 7857 7306 5422 2747 7848 955 8674 3781 8070 1339 5445 5248 6272 7415 3908 4505 5168 6205 5119 9520 1618 6976 3494 5231 4699 5999 6895 6023 3404 6494 5948 8992 2544 2965 2383 1176 2997 3341 6860 8344 4526 6279 9997 4087 1896 2625 7189 3970 3727 7410 476 9958 2065 4645 4379 4092 7160 7622 7275 3136 6098 3686 3503 7976 345 5798 
35731
7306 8397 6147 8568 3959 8381 747 296 4929 7857 5422 2747 7848 955 8674 3781 8070 1339 5445 5248 6272 7415 3908 4505 5168 6205 5119 9520 1618 6976 3494 5231 4699 5999 6895 6023 3404 6494 5948 8992 2544 2965 2383 1176 2997 3341 6860 8344 4526 6279 9997 4087 1896 2625 7189 3970 3727 7410 476 9958 2065 4645 4379 4092 7160 7622 7275 3136 6098 3686 3503 7976 345 5798 
92030
2383 7306 8397 6147 8568 3959 8381 747 296 4929 7857 5422 2747 7848 955 8674 3781 8070 1339 5445 5248 6272 7415 3908 4505 5168 6205 5119 9520 1618 6976 3494 5231 4699 5999 6895 6023 3404 6494 5948 8992 2544 2965 1176 2997 3341 6860 8344 4526 6279 9997 4087 1896 2625 7189 3970 3727 7410 476 9958 2065 4645 4379 4092 7160 7622 7275 3136 6098 3686 3503 7976 345 5798 
47405
9370
-1
3908 569 3404 2383 7306 8397 6147 8568 3959 8381 747 296 4929 7857 5422 2747 7848 955 8674 3781 8070 1339 5445 5248 6272 7415 4505 5168 6205 5119 9520 1618 6976 3494 5231 4699 5999 6895 6023 6494 5948 8992 2544 2965 1176 2997 3341 6860 8344 4526 6279 9997 4087 1896 2625 7189 3970 3727 7410 476 9958 2065 4645 4379 4092 7160 7622 7275 3136 6098 3686 3503 7976 345 5798 
3908 569 3404 2383 7306 8397 6147 8568 3959 8381 747 296 4929 7857 5422 2747 7848 955 8674 3781 8070 1339 5445 5248 6272 7415 4505 5168 6205 5119 9520 1618 6976 3494 5231 4699 5999 6895 6023 6494 5948 8992 2544 2965 1176 2997 3341 6860 8344 4526 6279 9997 4087 1896 2625 7189 3970 3727 7410 476 9958 2065 4645 4379 4092 7160 7622 7275 3136 6098 3686 3503 7976 345 5798 
3908 569 3404 2383 7306 8397 6147 8568 3959 8381 747 296 4929 7857 5422 2747 7848 955 8674 3781 8070 1339 5445 5248 6272 7415 4505 5168 6205 5119 9520 1618 6976 3494 5231 4699 5999 6895 6023 6494 5948 8992 2544 2965 1176 2997 3341 6860 8344 4526 6279 9997 4087 1896 2625 7189 3970 3727 7410 476 9958 2065 4645 4379 4092 7160 7622 7275 3136 6098 3686 3503 7976 345 5798 
-1
3908 569 3404 2383 7306 8397 6147 8568 3959 8381 747 296 4929 7857 5422 2747 7848 955 8674 3781 8070 1339 5445 5248 6272 7415 4505 5168 6205 5119 9520 1618 6976 3494 5231 4699 5999 6895 6023 6494 5948 8992 2544 2965 1176 2997 3341 6860 8344 4526 6279 9997 4087 1896 2625 7189 3970 3727 7410 476 9958 2065 4645 4379 4092 7160 7622 7275 3136 6098 3686 3503 7976 345 5798 
5399 3908 569 3404 2383 7306 8397 6147 8568 3959 8381 747 296 4929 7857 5422 2747 7848 955 8674 3781 8070 1339 5445 5248 6272 7415 4505 5168 6205 5119 9520 1618 6976 3494 5231 4699 5999 6895 6023 6494 5948 8992 2544 2965 1176 2997 3341 6860 8344 4526 6279 9997 4087 1896 2625 7189 3970 3727 7410 476 9958 2065 4645 4379 4092 7160 7622 7275 3136 6098 3686 3503 7976 345 5798 
-1
8436 5399 3908 569 3404 2383 7306 8397 6147 8568 3959 8381 747 296 4929 7857 5422 2747 7848 955 8674 3781 8070 1339 5445 5248 6272 7415 4505 5168 6205 5119 9520 1618 6976 3494 5231 4699 5999 6895 6023 6494 5948 8992 2544 2965 1176 2997 3341 6860 8344 4526 6279 9997 4087 1896 2625 7189 3970 3727 7410 476 9958 2065 4645 4379 4092 7160 7622 7275 3136 6098 3686 3503 7976 345 5798 
1946 8436 5399 3908 569 3404 2383 7306 8397 6147 8568 3959 8381 747 296 4929 7857 5422 2747 7848 955 8674 3781 8070 1339 5445 5248 6272 7415 4505 5168 6205 5119 9520 1618 6976 3494 5231 4699 5999 6895 6023 6494 5948 8992 2544 2965 1176 2997 3341 6860 8344 4526 6279 9997 4087 1896 2625 7189 3970 3727 7410 476 9958 2065 4645 4379 4092 7160 7622 7275 3136 6098 3686 3503 7976 345 5798 
8483
-1
-1
3188 9997 1946 8436 5399 3908 569 3404 2383 7306 8397 6147 8568 3959 8381 747 296 4929 7857 5422 2747 7848 955 8674 3781 8070 1339 5445 5248 6272 7415 4505 5168 6205 5119 9520 1618 6976 3494 5231 4699 5999 6895 6023 6494 5948 8992 2544 2965 1176 2997 3341 6860 8344 4526 6279 4087 1896 2625 7189 3970 3727 7410 476 9958 2065 4645 4379 4092 7160 7622 7275 3136 6098 3686 3503 7976 345 5798 
45120
2965 2617 3188 9997 1946 8436 5399 3908 569 3404 2383 7306 8397 6147 8568 3959 8381 747 296 4929 7857 5422 2747 7848 955 8674 3781 8070 1339 5445 5248 6272 7415 4505 5168 6205 5119 9520 1618 6976 3494 5231 4699 5999 6895 6023 6494 5948 8992 2544 1176 2997 3341 6860 8344 4526 6279 4087 1896 2625 7189 3970 3727 7410 476 9958 2065 4645 4379 4092 7160 7622 7275 3136 6098 3686 3503 7976 345 5798 
1105 3955 9793 9362 2965 2617 3188 9997 1946 8436 5399 3908 569 3404 2383 7306 8397 6147 8568 3959 8381 747 296 4929 7857 5422 2747 7848 955 8674 3781 8070 1339 5445 5248 6272 7415 4505 5168 6205 5119 9520 1618 6976 3494 5231 4699 5999 6895 6023 6494 5948 8992 2544 1176 2997 3341 6860 8344 4526 6279 4087 1896 2625 7189 3970 3727 7410 476 9958 2065 4645 4379 4092 7160 7622 7275 3136 6098 3686 3503 7976 345 5798 
-1
1105 3955 9793 9362 2965 2617 3188 9997 1946 8436 5399 3908 569 3404 2383 7306 8397 6147 8568 3959 8381 747 296 4929 7857 5422 2747 7848 955 8674 3781 8070 1339 5445 5248 6272 7415 4505 5168 6205 5119 9520 1618 6976 3494 5231 4699 5999 6895 6023 6494 5948 8992 2544 1176 2997 3341 6860 8344 4526 6279 4087 1896 2625 7189 3970 3727 7410 476 9958 2065 4645 4379 4092 7160 7622 7275 3136 6098 3686 3503 7976 345 5798 
1105 3955 9793 9362 2965 2617 3188 9997 1946 8436 5399 3908 569 3404 2383 7306 8397 6147 8568 3959 8381 747 296 4929 7857 5422 2747 7848 955 8674 3781 8070 1339 5445 5248 6272 7415 4505 5168 6205 5119 9520 1618 6976 3494 5231 4699 5999 6895 6023 6494 5948 8992 2544 1176 2997 3341 6860 8344 4526 6279 4087 1896 2625 7189 3970 3727 7410 476 9958 2065 4645 4379 4092 7160 7622 7275 3136 6098 3686 3503 7976 345 5798 
-1
-1
33510
4929 4916 7449 1105 3955 9793 9362 2965 2617 3188 9997 1946 8436 5399 3908 569 3404 2383 7306 8397 6147 8568 3959 8381 747 296 7857 5422 2747 7848 955 8674 3781 8070 1339 5445 5248 6272 7415 4505 5168 6205 5119 9520 1618 6976 3494 5231 4699 5999 6895 6023 6494 5948 8992 2544 1176 2997 3341 6860 8344 4526 6279 4087 1896 2625 7189 3970 3727 7410 476 9958 2065 4645 4379 4092 7160 7622 7275 3136 6098 3686 3503 7976 345 5798 
58182
2617 8955 7558 4929 4916 7449 1105 3955 9793 9362 2965 3188 9997 1946 8436 5399 3908 569 3404 2383 7306 8397 6147 8568 3959 8381 747 296 7857 5422 2747 7848 955 8674 3781 8070 1339 5445 5248 6272 7415 4505 5168 6205 5119 9520 1618 6976 3494 5231 4699 5999 6895 6023 6494 5948 8992 2544 1176 2997 3341 6860 8344 4526 6279 4087 1896 2625 7189 3970 3727 7410 476 9958 2065 4645 4379 4092 7160 7622 7275 3136 6098 3686 3503 7976 345 5798 
33510
4929 2617 8955 7558 4916 7449 1105 3955 9793 9362 2965 3188 9997 1946 8436 5399 3908 569 3404 2383 7306 8397 6147 8568 3959 8381 747 296 7857 5422 2747 7848 955 8674 3781 8070 1339 5445 5248 6272 7415 4505 5168 6205 5119 9520 1618 6976 3494 5231 4699 5999 6895 6023 6494 5948 8992 2544 1176 2997 3341 6860 8344 4526 6279 4087 1896 2625 7189 3970 3727 7410 476 9958 2065 4645 4379 4092 7160 7622 7275 3136 6098 3686 3503 7976 345 5798 
-1
71532
1474 1946 7397 4929 2617 8955 7558 4916 7449 1105 3955 9793 9362 2965 3188 9997 8436 5399 3908 569 3404 2383 7306 8397 6147 8568 3959 8381 747 296 7857 5422 2747 7848 955 8674 3781 8070 1339 5445 5248 6272 7415 4505 5168 6205 5119 9520 1618 6976 3494 5231 4699 5999 6895 6023 6494 5948 8992 2544 1176 2997 3341 6860 8344 4526 6279 4087 1896 2625 7189 3970 3727 7410 476 9958 2065 4645 4379 4092 7160 7622 7275 3136 6098 3686 3503 7976 345 5798 
1474 1946 7397 4929 2617 8955 7558 4916 7449 1105 3955 9793 9362 2965 3188 9997 8436 5399 3908 569 3404 2383 7306 8397 6147 8568 3959 8381 747 296 7857 5422 2747 7848 955 8674 3781 8070 1339 5445 5248 6272 7415 4505 5168 6205 5119 9520 1618 6976 3494 5231 4699 5999 6895 6023 6494 5948 8992 2544 1176 2997 3341 6860 8344 4526 6279 4087 1896 2625 7189 3970 3727 7410 476 9958 2065 4645 4379 4092 7160 7622 7275 3136 6098 3686 3503 7976 345 5798 
1474 1946 7397 4929 2617 8955 7558 4916 7449 1105 3955 9793 9362 2965 3188 9997 8436 5399 3908 569 3404 2383 7306 8397 6147 8568 3959 8381 747 296 7857 5422 2747 7848 955 8674 3781 8070 1339 5445 5248 6272 7415 4505 5168 6205 5119 9520 1618 6976 3494 5231 4699 5999 6895 6023 6494 5948 8992 2544 1176 2997 3341 6860 8344 4526 6279 4087 1896 2625 7189 3970 3727 7410 476 9958 2065 4645 4379 4092 7160 7622 7275 3136 6098 3686 3503 7976 345 5798 
1474 1946 7397 4929 2617 8955 7558 4916 7449 1105 3955 9793 9362 2965 3188 9997 8436 5399 3908 569 3404 2383 7306 8397 6147 8568 3959 8381 747 296 7857 5422 2747 7848 955 8674 3781 8070 1339 5445 5248 6272 7415 4505 5168 6205 5119 9520 1618 6976 3494 5231 4699 5999 6895 6023 6494 5948 8992 2544 1176 2997 3341 6860 8344 4526 6279 4087 1896 2625 7189 3970 3727 7410 476 9958 2065 4645 4379 4092 7160 7622 7275 3136 6098 3686 3503 7976 345 5798 
63182
-1
58359
-1
8568 8381 1474 1946 7397 4929 2617 8955 7558 4916 7449 1105 3955 9793 9362 2965 3188 9997 8436 5399 3908 569 3404 2383 7306 8397 6147 3959 747 296 7857 5422 2747 7848 955 8674 3781 8070 1339 5445 5248 6272 7415 4505 5168 6205 5119 9520 1618 6976 3494 5231 4699 5999 6895 6023 6494 5948 8992 2544 1176 2997 3341 6860 8344 4526 6279 4087 1896 2625 7189 3970 3727 7410 476 9958 2065 4645 4379 4092 7160 7622 7275 3136 6098 3686 3503 7976 345 5798 
8568 8381 1474 1946 7397 4929 2617 8955 7558 4916 7449 1105 3955 9793 9362 2965 3188 9997 8436 5399 3908 569 3404 2383 7306 8397 6147 3959 747 296 7857 5422 2747 7848 955 8674 3781 8070 1339 5445 5248 6272 7415 4505 5168 6205 5119 9520 1618 6976 3494 5231 4699 5999 6895 6023 6494 5948 8992 2544 1176 2997 3341 6860 8344 4526 6279 4087 1896 2625 7189 3970 3727 7410 476 9958 2065 4645 4379 4092 7160 7622 7275 3136 6098 3686 3503 7976 345 5798 
93001
-1
-1
-1
57221
-1
3494 3959 8568 8381 1474 1946 7397 4929 2617 8955 7558 4916 7449 1105 3955 9793 9362 2965 3188 9997 8436 5399 3908 569 3404 2383 7306 8397 6147 747 296 7857 5422 2747 7848 955 8674 3781 8070 1339 5445 5248 6272 7415 4505 5168 6205 5119 9520 1618 6976 5231 4699 5999 6895 6023 6494 5948 8992 2544 1176 2997 3341 6860 8344 4526 6279 4087 1896 2625 7189 3970 3727 7410 476 9958 2065 4645 4379 4092 7160 7622 7275 3136 6098 3686 3503 7976 345 5798 
3494 3959 8568 8381 1474 1946 7397 4929 2617 8955 7558 4916 7449 1105 3955 9793 9362 2965 3188 9997 8436 5399 3908 569 3404 2383 7306 8397 6147 747 296 7857 5422 2747 7848 955 8674 3781 8070 1339 5445 5248 6272 7415 4505 5168 6205 5119 9520 1618 6976 5231 4699 5999 6895 6023 6494 5948 8992 2544 1176 2997 3341 6860 8344 4526 6279 4087 1896 2625 7189 3970 3727 7410 476 9958 2065 4645 4379 4092 7160 7622 7275 3136 6098 3686 3503 7976 345 5798 
38730
4379 3494 3959 8568 8381 1474 1946 7397 4929 2617 8955 7558 4916 7449 1105 3955 9793 9362 2965 3188 9997 8436 5399 3908 569 3404 2383 7306 8397 6147 747 296 7857 5422 2747 7848 955 8674 3781 8070 1339 5445 5248 6272 7415 4505 5168 6205 5119 9520 1618 6976 5231 4699 5999 6895 6023 6494 5948 8992 2544 1176 2997 3341 6860 8344 4526 6279 4087 1896 2625 7189 3970 3727 7410 476 9958 2065 4645 4092 7160 7622 7275 3136 6098 3686 3503 7976 345 5798 
-1
37520
1547 4526 2697 4379 3494 3959 8568 8381 1474 1946 7397 4929 2617 8955 7558 4916 7449 1105 3955 9793 9362 2965 3188 9997 8436 5399 3908 569 3404 2383 7306 8397 6147 747 296 7857 5422 2747 7848 955 8674 3781 8070 1339 5445 5248 6272 7415 4505 5168 6205 5119 9520 1618 6976 5231 4699 5999 6895 6023 6494 5948 8992 2544 1176 2997 3341 6860 8344 6279 4087 1896 2625 7189 3970 3727 7410 476 9958 2065 4645 4092 7160 7622 7275 3136 6098 3686 3503 7976 345 5798 
-1
-1
4740 3663 1547 4526 2697 4379 3494 3959 8568 8381 1474 1946 7397 4929 2617 8955 7558 4916 7449 1105 3955 9793 9362 2965 3188 9997 8436 5399 3908 569 3404 2383 7306 8397 6147 747 296 7857 5422 2747 7848 955 8674 3781 8070 1339 5445 5248 6272 7415 4505 5168 6205 5119 9520 1618 6976 5231 4699 5999 6895 6023 6494 5948 8992 2544 1176 2997 3341 6860 8344 6279 4087 1896 2625 7189 3970 3727 7410 476 9958 2065 4645 4092 7160 7622 7275 3136 6098 3686 3503 7976 345 5798 
1624 4740 3663 1547 4526 2697 4379 3494 3959 8568 8381 1474 1946 7397 4929 2617 8955 7558 4916 7449 1105 3955 9793 9362 2965 3188 9997 8436 5399 3908 569 3404 2383 7306 8397 6147 747 296 7857 5422 2747 7848 955 8674 3781 8070 1339 5445 5248 6272 7415 4505 5168 6205 5119 9520 1618 6976 5231 4699 5999 6895 6023 6494 5948 8992 2544 1176 2997 3341 6860 8344 6279 4087 1896 2625 7189 3970 3727 7410 476 9958 2065 4645 4092 7160 7622 7275 3136 6098 3686 3503 7976 345 5798 
67804
-1
7371 3781 2369 3451 861 3179 1624 4740 3663 1547 4526 2697 4379 3494 3959 8568 8381 1474 1946 7397 4929 2617 8955 7558 4916 7449 1105 3955 9793 9362 2965 3188 9997 8436 5399 3908 569 3404 2383 7306 8397 6147 747 296 7857 5422 2747 7848 955 8674 8070 1339 5445 5248 6272 7415 4505 5168 6205 5119 9520 1618 6976 5231 4699 5999 6895 6023 6494 5948 8992 2544 1176 2997 3341 6860 8344 6279 4087 1896 2625 7189 3970 3727 7410 476 9958 2065 4645 4092 7160 7622 7275 3136 6098 3686 3503 7976 345 5798 
7371 3781 2369 3451 861 3179 1624 4740 3663 1547 4526 2697 4379 3494 3959 8568 8381 1474 1946 7397 4929 2617 8955 7558 4916 7449 1105 3955 9793 9362 2965 3188 9997 8436 5399 3908 569 3404 2383 7306 8397 6147 747 296 7857 5422 2747 7848 955 8674 8070 1339 5445 5248 6272 7415 4505 5168 6205 5119 9520 1618 6976 5231 4699 5999 6895 6023 6494 5948 8992 2544 1176 2997 3341 6860 8344 6279 4087 1896 2625 7189 3970 3727 7410 476 9958 2065 4645 4092 7160 7622 7275 3136 6098 3686 3503 7976 345 5798 
-1
9205
-1
30440
-1
3663 8674 7371 3781 2369 3451 861 3179 1624 4740 1547 4526 2697 4379 3494 3959 8568 8381 1474 1946 7397 4929 2617 8955 7558 4916 7449 1105 3955 9793 9362 2965 3188 9997 8436 5399 3908 569 3404 2383 7306 8397 6147 747 296 7857 5422 2747 7848 955 8070 1339 5445 5248 6272 7415 4505 5168 6205 5119 9520 1618 6976 5231 4699 5999 6895 6023 6494 5948 8992 2544 1176 2997 3341 6860 8344 6279 4087 1896 2625 7189 3970 3727 7410 476 9958 2065 4645 4092 7160 7622 7275 3136 6098 3686 3503 7976 345 5798 
-1
-1
-1
-1
1944 1721 486 3663 8674 7371 3781 2369 3451 861 3179 1624 4740 1547 4526 2697 4379 3494 3959 8568 8381 1474 1946 7397 4929 2617 8955 7558 4916 7449 1105 3955 9793 9362 2965 3188 9997 8436 5399 3908 569 3404 2383 7306 8397 6147 747 296 7857 5422 2747 7848 955 8070 1339 5445 5248 6272 7415 4505 5168 6205 5119 9520 1618 6976 5231 4699 5999 6895 6023 6494 5948 8992 2544 1176 2997 3341 6860 8344 6279 4087 1896 2625 7189 3970 3727 7410 476 9958 2065 4645 4092 7160 7622 7275 3136 6098 3686 3503 7976 345 5798 
1944 1721 486 3663 8674 7371 3781 2369 3451 861 3179 1624 4740 1547 4526 2697 4379 3494 3959 8568 8381 1474 1946 7397 4929 2617 8955 7558 4916 7449 1105 3955 9793 9362 2965 3188 9997 8436 5399 3908 569 3404 2383 7306 8397 6147 747 296 7857 5422 2747 7848 955 8070 1339 5445 5248 6272 7415 4505 5168 6205 5119 9520 1618 6976 5231 4699 5999 6895 6023 6494 5948 8992 2544 1176 2997 3341 6860 8344 6279 4087 1896 2625 7189 3970 3727 7410 476 9958 2065 4645 4092 7160 7622 7275 3136 6098 3686 3503 7976 345 5798 
-1
4636 1944 1721 486 3663 8674 7371 3781 2369 3451 861 3179 1624 4740 1547 4526 2697 4379 3494 3959 8568 8381 1474 1946 7397 4929 2617 8955 7558 4916 7449 1105 3955 9793 9362 2965 3188 9997 8436 5399 3908 569 3404 2383 7306 8397 6147 747 296 7857 5422 2747 7848 955 8070 1339 5445 5248 6272 7415 4505 5168 6205 5119 9520 1618 6976 5231 4699 5999 6895 6023 6494 5948 8992 2544 1176 2997 3341 6860 8344 6279 4087 1896 2625 7189 3970 3727 7410 476 9958 2065 4645 4092 7160 7622 7275 3136 6098 3686 3503 7976 345 5798 
2592 1532 4636 1944 1721 486 3663 8674 7371 3781 2369 3451 861 3179 1624 4740 1547 4526 2697 4379 3494 3959 8568 8381 1474 1946 7397 4929 2617 8955 7558 4916 7449 1105 3955 9793 9362 2965 3188 9997 8436 5399 3908 569 3404 2383 7306 8397 6147 747 296 7857 5422 2747 7848 955 8070 1339 5445 5248 6272 7415 4505 5168 6205 5119 9520 1618 6976 5231 4699 5999 6895 6023 6494 5948 8992 2544 1176 2997 3341 6860 8344 6279 4087 1896 2625 7189 3970 3727 7410 476 9958 2065 4645 4092 7160 7622 7275 3136 6098 3686 3503 7976 345 5798 
-1
2592 1532 4636 1944 1721 486 3663 8674 7371 3781 2369 3451 861 3179 1624 4740 1547 4526 2697 4379 3494 3959 8568 8381 1474 1946 7397 4929 2617 8955 7558 4916 7449 1105 3955 9793 9362 2965 3188 9997 8436 5399 3908 569 3404 2383 7306 8397 6147 747 296 7857 5422 2747 7848 955 8070 1339 5445 5248 6272 7415 4505 5168 6205 5119 9520 1618 6976 5231 4699 5999 6895 6023 6494 5948 8992 2544 1176 2997 3341 6860 8344 6279 4087 1896 2625 7189 3970 3727 7410 476 9958 2065 4645 4092 7160 7622 7275 3136 6098 3686 3503 7976 345 5798 
1792 2592 1532 4636 1944 1721 486 3663 8674 7371 3781 2369 3451 861 3179 1624 4740 1547 4526 2697 4379 3494 3959 8568 8381 1474 1946 7397 4929 2617 8955 7558 4916 7449 1105 3955 9793 9362 2965 3188 9997 8436 5399 3908 569 3404 2383 7306 8397 6147 747 296 7857 5422 2747 7848 955 8070 1339 5445 5248 6272 7415 4505 5168 6205 5119 9520 1618 6976 5231 4699 5999 6895 6023 6494 5948 8992 2544 1176 2997 3341 6860 8344 6279 4087 1896 2625 7189 3970 3727 7410 476 9958 2065 4645 4092 7160 7622 7275 3136 6098 3686 3503 7976 345 5798 
-1
1792 2592 1532 4636 1944 1721 486 3663 8674 7371 3781 2369 3451 861 3179 1624 4740 1547 4526 2697 4379 3494 3959 8568 8381 1474 1946 7397 4929 2617 8955 7558 4916 7449 1105 3955 9793 9362 2965 3188 9997 8436 5399 3908 569 3404 2383 7306 8397 6147 747 296 7857 5422 2747 7848 955 8070 1339 5445 5248 6272 7415 4505 5168 6205 5119 9520 1618 6976 5231 4699 5999 6895 6023 6494 5948 8992 2544 1176 2997 3341 6860 8344 6279 4087 1896 2625 7189 3970 3727 7410 476 9958 2065 4645 4092 7160 7622 7275 3136 6098 3686 3503 7976 345 5798 
25979
-1
8992 1792 2592 1532 4636 1944 1721 486 3663 8674 7371 3781 2369 3451 861 3179 1624 4740 1547 4526 2697 4379 3494 3959 8568 8381 1474 1946 7397 4929 2617 8955 7558 4916 7449 1105 3955 9793 9362 2965 3188 9997 8436 5399 3908 569 3404 2383 7306 8397 6147 747 296 7857 5422 2747 7848 955 8070 1339 5445 5248 6272 7415 4505 5168 6205 5119 9520 1618 6976 5231 4699 5999 6895 6023 6494 5948 2544 1176 2997 3341 6860 8344 6279 4087 1896 2625 7189 3970 3727 7410 476 9958 2065 4645 4092 7160 7622 7275 3136 6098 3686 3503 7976 345 5798 
8992 1792 2592 1532 4636 1944 1721 486 3663 8674 7371 3781 2369 3451 861 3179 1624 4740 1547 4526 2697 4379 3494 3959 8568 8381 1474 1946 7397 4929 2617 8955 7558 4916 7449 1105 3955 9793 9362 2965 3188 9997 8436 5399 3908 569 3404 2383 7306 8397 6147 747 296 7857 5422 2747 7848 955 8070 1339 5445 5248 6272 7415 4505 5168 6205 5119 9520 1618 6976 5231 4699 5999 6895 6023 6494 5948 2544 1176 2997 3341 6860 8344 6279 4087 1896 2625 7189 3970 3727 7410 476 9958 2065 4645 4092 7160 7622 7275 3136 6098 3686 3503 7976 345 5798 
153 8992 1792 2592 1532 4636 1944 1721 486 3663 8674 7371 3781 2369 3451 861 3179 1624 4740 1547 4526 2697 4379 3494 3959 8568 8381 1474 1946 7397 4929 2617 8955 7558 4916 7449 1105 3955 9793 9362 2965 3188 9997 8436 5399 3908 569 3404 2383 7306 8397 6147 747 296 7857 5422 2747 7848 955 8070 1339 5445 5248 6272 7415 4505 5168 6205 5119 9520 1618 6976 5231 4699 5999 6895 6023 6494 5948 2544 1176 2997 3341 6860 8344 6279 4087 1896 2625 7189 3970 3727 7410 476 9958 2065 4645 4092 7160 7622 7275 3136 6098 3686 3503 7976 345 5798 
153 8992 1792 2592 1532 4636 1944 1721 486 3663 8674 7371 3781 2369 3451 861 3179 1624 4740 1547 4526 2697 4379 3494 3959 8568 8381 1474 1946 7397 4929 2617 8955 7558 4916 7449 1105 3955 9793 9362 2965 3188 9997 8436 5399 3908 569 3404 2383 7306 8397 6147 747 296 7857 5422 2747 7848 955 8070 1339 5445 5248 6272 7415 4505 5168 6205 5119 9520 1618 6976 5231 4699 5999 6895 6023 6494 5948 2544 1176 2997 3341 6860 8344 6279 4087 1896 2625 7189 3970 3727 7410 476 9958 2065 4645 4092 7160 7622 7275 3136 6098 3686 3503 7976 345 5798 
-1
-1
7252 153 8992 1792 2592 1532 4636 1944 1721 486 3663 8674 7371 3781 2369 3451 861 3179 1624 4740 1547 4526 2697 4379 3494 3959 8568 8381 1474 1946 7397 4929 2617 8955 7558 4916 7449 1105 3955 9793 9362 2965 3188 9997 8436 5399 3908 569 3404 2383 7306 8397 6147 747 296 7857 5422 2747 7848 955 8070 1339 5445 5248 6272 7415 4505 5168 6205 5119 9520 1618 6976 5231 4699 5999 6895 6023 6494 5948 2544 1176 2997 3341 6860 8344 6279 4087 1896 2625 7189 3970 3727 7410 476 9958 2065 4645 4092 7160 7622 7275 3136 6098 3686 3503 7976 345 5798 
-1
22072
9793 7252 153 8992 1792 2592 1532 4636 1944 1721 486 3663 8674 7371 3781 2369 3451 861 3179 1624 4740 1547 4526 2697 4379 3494 3959 8568 8381 1474 1946 7397 4929 2617 8955 7558 4916 7449 1105 3955 9362 2965 3188 9997 8436 5399 3908 569 3404 2383 7306 8397 6147 747 296 7857 5422 2747 7848 955 8070 1339 5445 5248 6272 7415 4505 5168 6205 5119 9520 1618 6976 5231 4699 5999 6895 6023 6494 5948 2544 1176 2997 3341 6860 8344 6279 4087 1896 2625 7189 3970 3727 7410 476 9958 2065 4645 4092 7160 7622 7275 3136 6098 3686 3503 7976 345 5798 
-1
6738 9793 7252 153 8992 1792 2592 1532 4636 1944 1721 486 3663 8674 7371 3781 2369 3451 861 3179 1624 4740 1547 4526 2697 4379 3494 3959 8568 8381 1474 1946 7397 4929 2617 8955 7558 4916 7449 1105 3955 9362 2965 3188 9997 8436 5399 3908 569 3404 2383 7306 8397 6147 747 296 7857 5422 2747 7848 955 8070 1339 5445 5248 6272 7415 4505 5168 6205 5119 9520 1618 6976 5231 4699 5999 6895 6023 6494 5948 2544 1176 2997 3341 6860 8344 6279 4087 1896 2625 7189 3970 3727 7410 476 9958 2065 4645 4092 7160 7622 7275 3136 6098 3686 3503 7976 345 5798 
-1
4508
861 6738 9793 7252 153 8992 1792 2592 1532 4636 1944 1721 486 3663 8674 7371 3781 2369 3451 3179 1624 4740 1547 4526 2697 4379 3494 3959 8568 8381 1474 1946 7397 4929 2617 8955 7558 4916 7449 1105 3955 9362 2965 3188 9997 8436 5399 3908 569 3404 2383 7306 8397 6147 747 296 7857 5422 2747 7848 955 8070 1339 5445 5248 6272 7415 4505 5168 6205 5119 9520 1618 6976 5231 4699 5999 6895 6023 6494 5948 2544 1176 2997 3341 6860 8344 6279 4087 1896 2625 7189 3970 3727 7410 476 9958 2065 4645 4092 7160 7622 7275 3136 6098 3686 3503 7976 345 5798 
25979
8992 861 6738 9793 7252 153 1792 2592 1532 4636 1944 1721 486 3663 8674 7371 3781 2369 3451 3179 1624 4740 1547 4526 2697 4379 3494 3959 8568 8381 1474 1946 7397 4929 2617 8955 7558 4916 7449 1105 3955 9362 2965 3188 9997 8436 5399 3908 569 3404 2383 7306 8397 6147 747 296 7857 5422 2747 7848 955 8070 1339 5445 5248 6272 7415 4505 5168 6205 5119 9520 1618 6976 5231 4699 5999 6895 6023 6494 5948 2544 1176 2997 3341 6860 8344 6279 4087 1896 2625 7189 3970 3727 7410 476 9958 2065 4645 4092 7160 7622 7275 3136 6098 3686 3503 7976 345 5798 
8992 861 6738 9793 7252 153 1792 2592 1532 4636 1944 1721 486 3663 8674 7371 3781 2369 3451 3179 1624 4740 1547 4526 2697 4379 3494 3959 8568 8381 1474 1946 7397 4929 2617 8955 7558 4916 7449 1105 3955 9362 2965 3188 9997 8436 5399 3908 569 3404 2383 7306 8397 6147 747 296 7857 5422 2747 7848 955 8070 1339 5445 5248 6272 7415 4505 5168 6205 5119 9520 1618 6976 5231 4699 5999 6895 6023 6494 5948 2544 1176 2997 3341 6860 8344 6279 4087 1896 2625 7189 3970 3727 7410 476 9958 2065 4645 4092 7160 7622 7275 3136 6098 3686 3503 7976 345 5798 
8992 861 6738 9793 7252 153 1792 2592 1532 4636 1944 1721 486 3663 8674 7371 3781 2369 3451 3179 1624 4740 1547 4526 2697 4379 3494 3959 8568 8381 1474 1946 7397 4929 2617 8955 7558 4916 7449 1105 3955 9362 2965 3188 9997 8436 5399 3908 569 3404 2383 7306 8397 6147 747 296 7857 5422 2747 7848 955 8070 1339 5445 5248 6272 7415 4505 5168 6205 5119 9520 1618 6976 5231 4699 5999 6895 6023 6494 5948 2544 1176 2997 3341 6860 8344 6279 4087 1896 2625 7189 3970 3727 7410 476 9958 2065 4645 4092 7160 7622 7275 3136 6098 3686 3503 7976 345 5798 
-1
3211
22072
-1
54416
3686 7564 9181 9793 2982 1618 5066 8992 861 6738 7252 153 1792 2592 1532 4636 1944 1721 486 3663 8674 7371 3781 2369 3451 3179 1624 4740 1547 4526 2697 4379 3494 3959 8568 8381 1474 1946 7397 4929 2617 8955 7558 4916 7449 1105 3955 9362 2965 3188 9997 8436 5399 3908 569 3404 2383 7306 8397 6147 747 296 7857 5422 2747 7848 955 8070 1339 5445 5248 6272 7415 4505 5168 6205 5119 9520 6976 5231 4699 5999 6895 6023 6494 5948 2544 1176 2997 3341 6860 8344 6279 4087 1896 2625 7189 3970 3727 7410 476 9958 2065 4645 4092 7160 7622 7275 3136 6098 3503 7976 345 5798 
7078 4225 4333 3686 7564 9181 9793 2982 1618 5066 8992 861 6738 7252 153 1792 2592 1532 4636 1944 1721 486 3663 8674 7371 3781 2369 3451 3179 1624 4740 1547 4526 2697 4379 3494 3959 8568 8381 1474 1946 7397 4929 2617 8955 7558 4916 7449 1105 3955 9362 2965 3188 9997 8436 5399 3908 569 3404 2383 7306 8397 6147 747 296 7857 5422 2747 7848 955 8070 1339 5445 5248 6272 7415 4505 5168 6205 5119 9520 6976 5231 4699 5999 6895 6023 6494 5948 2544 1176 2997 3341 6860 8344 6279 4087 1896 2625 7189 3970 3727 7410 476 9958 2065 4645 4092 7160 7622 7275 3136 6098 3503 7976 345 5798 
67804
-1
3781 9194 7241 7078 4225 4333 3686 7564 9181 9793 2982 1618 5066 8992 861 6738 7252 153 1792 2592 1532 4636 1944 1721 486 3663 8674 7371 2369 3451 3179 1624 4740 1547 4526 2697 4379 3494 3959 8568 8381 1474 1946 7397 4929 2617 8955 7558 4916 7449 1105 3955 9362 2965 3188 9997 8436 5399 3908 569 3404 2383 7306 8397 6147 747 296 7857 5422 2747 7848 955 8070 1339 5445 5248 6272 7415 4505 5168 6205 5119 9520 6976 5231 4699 5999 6895 6023 6494 5948 2544 1176 2997 3341 6860 8344 6279 4087 1896 2625 7189 3970 3727 7410 476 9958 2065 4645 4092 7160 7622 7275 3136 6098 3503 7976 345 5798 
-1
3781 9194 7241 7078 4225 4333 3686 7564 9181 9793 2982 1618 5066 8992 861 6738 7252 153 1792 2592 1532 4636 1944 1721 486 3663 8674 7371 2369 3451 3179 1624 4740 1547 4526 2697 4379 3494 3959 8568 8381 1474 1946 7397 4929 2617 8955 7558 4916 7449 1105 3955 9362 2965 3188 9997 8436 5399 3908 569 3404 2383 7306 8397 6147 747 296 7857 5422 2747 7848 955 8070 1339 5445 5248 6272 7415 4505 5168 6205 5119 9520 6976 5231 4699 5999 6895 6023 6494 5948 2544 1176 2997 3341 6860 8344 6279 4087 1896 2625 7189 3970 3727 7410 476 9958 2065 4645 4092 7160 7622 7275 3136 6098 3503 7976 345 5798 
3781 9194 7241 7078 4225 4333 3686 7564 9181 9793 2982 1618 5066 8992 861 6738 7252 153 1792 2592 1532 4636 1944 1721 486 3663 8674 7371 2369 3451 3179 1624 4740 1547 4526 2697 4379 3494 3959 8568 8381 1474 1946 7397 4929 2617 8955 7558 4916 7449 1105 3955 9362 2965 3188 9997 8436 5399 3908 569 3404 2383 7306 8397 6147 747 296 7857 5422 2747 7848 955 8070 1339 5445 5248 6272 7415 4505 5168 6205 5119 9520 6976 5231 4699 5999 6895 6023 6494 5948 2544 1176 2997 3341 6860 8344 6279 4087 1896 2625 7189 3970 3727 7410 476 9958 2065 4645 4092 7160 7622 7275 3136 6098 3503 7976 345 5798 
3781 9194 7241 7078 4225 4333 3686 7564 9181 9793 2982 1618 5066 8992 861 6738 7252 153 1792 2592 1532 4636 1944 1721 486 3663 8674 7371 2369 3451 3179 1624 4740 1547 4526 2697 4379 3494 3959 8568 8381 1474 1946 7397 4929 2617 8955 7558 4916 7449 1105 3955 9362 2965 3188 9997 8436 5399 3908 569 3404 2383 7306 8397 6147 747 296 7857 5422 2747 7848 955 8070 1339 5445 5248 6272 7415 4505 5168 6205 5119 9520 6976 5231 4699 5999 6895 6023 6494 5948 2544 1176 2997 3341 6860 8344 6279 4087 1896 2625 7189 3970 3727 7410 476 9958 2065 4645 4092 7160 7622 7275 3136 6098 3503 7976 345 5798 
3781 9194 7241 7078 4225 4333 3686 7564 9181 9793 2982 1618 5066 8992 861 6738 7252 153 1792 2592 1532 4636 1944 1721 486 3663 8674 7371 2369 3451 3179 1624 4740 1547 4526 2697 4379 3494 3959 8568 8381 1474 1946 7397 4929 2617 8955 7558 4916 7449 1105 3955 9362 2965 3188 9997 8436 5399 3908 569 3404 2383 7306 8397 6147 747 296 7857 5422 2747 7848 955 8070 1339 5445 5248 6272 7415 4505 5168 6205 5119 9520 6976 5231 4699 5999 6895 6023 6494 5948 2544 1176 2997 3341 6860 8344 6279 4087 1896 2625 7189 3970 3727 7410 476 9958 2065 4645 4092 7160 7622 7275 3136 6098 3503 7976 345 5798 
-1
-1
-1
1475 3781 9194 7241 7078 4225 4333 3686 7564 9181 9793 2982 1618 5066 8992 861 6738 7252 153 1792 2592 1532 4636 1944 1721 486 3663 8674 7371 2369 3451 3179 1624 4740 1547 4526 2697 4379 3494 3959 8568 8381 1474 1946 7397 4929 2617 8955 7558 4916 7449 1105 3955 9362 2965 3188 9997 8436 5399 3908 569 3404 2383 7306 8397 6147 747 296 7857 5422 2747 7848 955 8070 1339 5445 5248 6272 7415 4505 5168 6205 5119 9520 6976 5231 4699 5999 6895 6023 6494 5948 2544 1176 2997 3341 6860 8344 6279 4087 1896 2625 7189 3970 3727 7410 476 9958 2065 4645 4092 7160 7622 7275 3136 6098 3503 7976 345 5798 
-1
6833 8937 6093 1475 3781 9194 7241 7078 4225 4333 3686 7564 9181 9793 2982 1618 5066 8992 861 6738 7252 153 1792 2592 1532 4636 1944 1721 486 3663 8674 7371 2369 3451 3179 1624 4740 1547 4526 2697 4379 3494 3959 8568 8381 1474 1946 7397 4929 2617 8955 7558 4916 7449 1105 3955 9362 2965 3188 9997 8436 5399 3908 569 3404 2383 7306 8397 6147 747 296 7857 5422 2747 7848 955 8070 1339 5445 5248 6272 7415 4505 5168 6205 5119 9520 6976 5231 4699 5999 6895 6023 6494 5948 2544 1176 2997 3341 6860 8344 6279 4087 1896 2625 7189 3970 3727 7410 476 9958 2065 4645 4092 7160 7622 7275 3136 6098 3503 7976 345 5798 
7163 6833 8937 6093 1475 3781 9194 7241 7078 4225 4333 3686 7564 9181 9793 2982 1618 5066 8992 861 6738 7252 153 1792 2592 1532 4636 1944 1721 486 3663 8674 7371 2369 3451 3179 1624 4740 1547 4526 2697 4379 3494 3959 8568 8381 1474 1946 7397 4929 2617 8955 7558 4916 7449 1105 3955 9362 2965 3188 9997 8436 5399 3908 569 3404 2383 7306 8397 6147 747 296 7857 5422 2747 7848 955 8070 1339 5445 5248 6272 7415 4505 5168 6205 5119 9520 6976 5231 4699 5999 6895 6023 6494 5948 2544 1176 2997 3341 6860 8344 6279 4087 1896 2625 7189 3970 3727 7410 476 9958 2065 4645 4092 7160 7622 7275 3136 6098 3503 7976 345 5798 
97738
-1
7991 6048 8246 3151 6338 4636 7163 6833 8937 6093 1475 3781 9194 7241 7078 4225 4333 3686 7564 9181 9793 2982 1618 5066 8992 861 6738 7252 153 1792 2592 1532 1944 1721 486 3663 8674 7371 2369 3451 3179 1624 4740 1547 4526 2697 4379 3494 3959 8568 8381 1474 1946 7397 4929 2617 8955 7558 4916 7449 1105 3955 9362 2965 3188 9997 8436 5399 3908 569 3404 2383 7306 8397 6147 747 296 7857 5422 2747 7848 955 8070 1339 5445 5248 6272 7415 4505 5168 6205 5119 9520 6976 5231 4699 5999 6895 6023 6494 5948 2544 1176 2997 3341 6860 8344 6279 4087 1896 2625 7189 3970 3727 7410 476 9958 2065 4645 4092 7160 7622 7275 3136 6098 3503 7976 345 5798 
7991 6048 8246 3151 6338 4636 7163 6833 8937 6093 1475 3781 9194 7241 7078 4225 4333 3686 7564 9181 9793 2982 1618 5066 8992 861 6738 7252 153 1792 2592 1532 1944 1721 486 3663 8674 7371 2369 3451 3179 1624 4740 1547 4526 2697 4379 3494 3959 8568 8381 1474 1946 7397 4929 2617 8955 7558 4916 7449 1105 3955 9362 2965 3188 9997 8436 5399 3908 569 3404 2383 7306 8397 6147 747 296 7857 5422 2747 7848 955 8070 1339 5445 5248 6272 7415 4505 5168 6205 5119 9520 6976 5231 4699 5999 6895 6023 6494 5948 2544 1176 2997 3341 6860 8344 6279 4087 1896 2625 7189 3970 3727 7410 476 9958 2065 4645 4092 7160 7622 7275 3136 6098 3503 7976 345 5798 
-1
4783 476 1225 5083 711 7991 6048 8246 3151 6338 4636 7163 6833 8937 6093 1475 3781 9194 7241 7078 4225 4333 3686 7564 9181 9793 2982 1618 5066 8992 861 6738 7252 153 1792 2592 1532 1944 1721 486 3663 8674 7371 2369 3451 3179 1624 4740 1547 4526 2697 4379 3494 3959 8568 8381 1474 1946 7397 4929 2617 8955 7558 4916 7449 1105 3955 9362 2965 3188 9997 8436 5399 3908 569 3404 2383 7306 8397 6147 747 296 7857 5422 2747 7848 955 8070 1339 5445 5248 6272 7415 4505 5168 6205 5119 9520 6976 5231 4699 5999 6895 6023 6494 5948 2544 1176 2997 3341 6860 8344 6279 4087 1896 2625 7189 3970 3727 7410 9958 2065 4645 4092 7160 7622 7275 3136 6098 3503 7976 345 5798 
40567
5299 1474 4783 476 1225 5083 711 7991 6048 8246 3151 6338 4636 7163 6833 8937 6093 1475 3781 9194 7241 7078 4225 4333 3686 7564 9181 9793 2982 1618 5066 8992 861 6738 7252 153 1792 2592 1532 1944 1721 486 3663 8674 7371 2369 3451 3179 1624 4740 1547 4526 2697 4379 3494 3959 8568 8381 1946 7397 4929 2617 8955 7558 4916 7449 1105 3955 9362 2965 3188 9997 8436 5399 3908 569 3404 2383 7306 8397 6147 747 296 7857 5422 2747 7848 955 8070 1339 5445 5248 6272 7415 4505 5168 6205 5119 9520 6976 5231 4699 5999 6895 6023 6494 5948 2544 1176 2997 3341 6860 8344 6279 4087 1896 2625 7189 3970 3727 7410 9958 2065 4645 4092 7160 7622 7275 3136 6098 3503 7976 345 5798 
5299 1474 4783 476 1225 5083 711 7991 6048 8246 3151 6338 4636 7163 6833 8937 6093 1475 3781 9194 7241 7078 4225 4333 3686 7564 9181 9793 2982 1618 5066 8992 861 6738 7252 153 1792 2592 1532 1944 1721 486 3663 8674 7371 2369 3451 3179 1624 4740 1547 4526 2697 4379 3494 3959 8568 8381 1946 7397 4929 2617 8955 7558 4916 7449 1105 3955 9362 2965 3188 9997 8436 5399 3908 569 3404 2383 7306 8397 6147 747 296 7857 5422 2747 7848 955 8070 1339 5445 5248 6272 7415 4505 5168 6205 5119 9520 6976 5231 4699 5999 6895 6023 6494 5948 2544 1176 2997 3341 6860 8344 6279 4087 1896 2625 7189 3970 3727 7410 9958 2065 4645 4092 7160 7622 7275 3136 6098 3503 7976 345 5798 
