
-1
-1
18163
45 368 
-1
9307 45 368 
9719 9307 45 368 
9719 9307 45 368 
-1
2045
69392
505 4220 3801 8349 9719 9307 45 368 
505 4220 3801 8349 9719 9307 45 368 
505 4220 3801 8349 9719 9307 45 368 
505 4220 3801 8349 9719 9307 45 368 
-1
505 4220 3801 8349 9719 9307 45 368 
43174
34099
3075 3317 768 505 4220 3801 8349 9719 9307 45 368 
2655 9044 8375 3387 6094 9232 3075 3317 768 505 4220 3801 8349 9719 9307 45 368 
2045
7770 2714 3480 3024 2655 9044 8375 3387 6094 9232 3075 3317 768 505 4220 3801 8349 9719 9307 45 368 
7770 2714 3480 3024 2655 9044 8375 3387 6094 9232 3075 3317 768 505 4220 3801 8349 9719 9307 45 368 
7770 2714 3480 3024 2655 9044 8375 3387 6094 9232 3075 3317 768 505 4220 3801 8349 9719 9307 45 368 
-1
59020
8529 7770 2714 3480 3024 2655 9044 8375 3387 6094 9232 3075 3317 768 505 4220 3801 8349 9719 9307 45 368 
8529 7770 2714 3480 3024 2655 9044 8375 3387 6094 9232 3075 3317 768 505 4220 3801 8349 9719 9307 45 368 
9946 9622 8529 7770 2714 3480 3024 2655 9044 8375 3387 6094 9232 3075 3317 768 505 4220 3801 8349 9719 9307 45 368 
9946 9622 8529 7770 2714 3480 3024 2655 9044 8375 3387 6094 9232 3075 3317 768 505 4220 3801 8349 9719 9307 45 368 
9946 9622 8529 7770 2714 3480 3024 2655 9044 8375 3387 6094 9232 3075 3317 768 505 4220 3801 8349 9719 9307 45 368 
-1
55313
2045
351 2872 9105 9946 9622 8529 7770 2714 3480 3024 2655 9044 8375 3387 6094 9232 3075 3317 768 505 4220 3801 8349 9719 9307 45 368 
2494 351 2872 9105 9946 9622 8529 7770 2714 3480 3024 2655 9044 8375 3387 6094 9232 3075 3317 768 505 4220 3801 8349 9719 9307 45 368 
2494 351 2872 9105 9946 9622 8529 7770 2714 3480 3024 2655 9044 8375 3387 6094 9232 3075 3317 768 505 4220 3801 8349 9719 9307 45 368 
2494 351 2872 9105 9946 9622 8529 7770 2714 3480 3024 2655 9044 8375 3387 6094 9232 3075 3317 768 505 4220 3801 8349 9719 9307 45 368 
2494 351 2872 9105 9946 9622 8529 7770 2714 3480 3024 2655 9044 8375 3387 6094 9232 3075 3317 768 505 4220 3801 8349 9719 9307 45 368 
-1
-1
97502
5995 6975 6008 8485 2494 351 2872 9105 9946 9622 8529 7770 2714 3480 3024 2655 9044 8375 3387 6094 9232 3075 3317 768 505 4220 3801 8349 9719 9307 45 368 
8003 2033 5995 6975 6008 8485 2494 351 2872 9105 9946 9622 8529 7770 2714 3480 3024 2655 9044 8375 3387 6094 9232 3075 3317 768 505 4220 3801 8349 9719 9307 45 368 
-1
82386
-1
34099
4979 8003 2033 5995 6975 6008 8485 2494 351 2872 9105 9946 9622 8529 7770 2714 3480 3024 2655 9044 8375 3387 6094 9232 3075 3317 768 505 4220 3801 8349 9719 9307 45 368 
99800
-1
43174
-1
6635 3726 4979 8003 2033 5995 6975 6008 8485 2494 351 2872 9105 9946 9622 8529 7770 2714 3480 3024 2655 9044 8375 3387 6094 9232 3075 3317 768 505 4220 3801 8349 9719 9307 45 368 
7391 1754 6635 3726 4979 8003 2033 5995 6975 6008 8485 2494 351 2872 9105 9946 9622 8529 7770 2714 3480 3024 2655 9044 8375 3387 6094 9232 3075 3317 768 505 4220 3801 8349 9719 9307 45 368 
-1
-1
7850 4081 200 1583 7391 1754 6635 3726 4979 8003 2033 5995 6975 6008 8485 2494 351 2872 9105 9946 9622 8529 7770 2714 3480 3024 2655 9044 8375 3387 6094 9232 3075 3317 768 505 4220 3801 8349 9719 9307 45 368 
-1
7850 4081 200 1583 7391 1754 6635 3726 4979 8003 2033 5995 6975 6008 8485 2494 351 2872 9105 9946 9622 8529 7770 2714 3480 3024 2655 9044 8375 3387 6094 9232 3075 3317 768 505 4220 3801 8349 9719 9307 45 368 
7850 4081 200 1583 7391 1754 6635 3726 4979 8003 2033 5995 6975 6008 8485 2494 351 2872 9105 9946 9622 8529 7770 2714 3480 3024 2655 9044 8375 3387 6094 9232 3075 3317 768 505 4220 3801 8349 9719 9307 45 368 
-1
-1
-1
-1
7850 4081 200 1583 7391 1754 6635 3726 4979 8003 2033 5995 6975 6008 8485 2494 351 2872 9105 9946 9622 8529 7770 2714 3480 3024 2655 9044 8375 3387 6094 9232 3075 3317 768 505 4220 3801 8349 9719 9307 45 368 
-1
-1
-1
7261 7210 1529 756 4449 7850 4081 200 1583 7391 1754 6635 3726 4979 8003 2033 5995 6975 6008 8485 2494 351 2872 9105 9946 9622 8529 7770 2714 3480 3024 2655 9044 8375 3387 6094 9232 3075 3317 768 505 4220 3801 8349 9719 9307 45 368 
70142
9726 8055 267 7261 7210 1529 756 4449 7850 4081 200 1583 7391 1754 6635 3726 4979 8003 2033 5995 6975 6008 8485 2494 351 2872 9105 9946 9622 8529 7770 2714 3480 3024 2655 9044 8375 3387 6094 9232 3075 3317 768 505 4220 3801 8349 9719 9307 45 368 
97502
2852 9726 8055 267 7261 7210 1529 756 4449 7850 4081 200 1583 7391 1754 6635 3726 4979 8003 2033 5995 6975 6008 8485 2494 351 2872 9105 9946 9622 8529 7770 2714 3480 3024 2655 9044 8375 3387 6094 9232 3075 3317 768 505 4220 3801 8349 9719 9307 45 368 
2852 9726 8055 267 7261 7210 1529 756 4449 7850 4081 200 1583 7391 1754 6635 3726 4979 8003 2033 5995 6975 6008 8485 2494 351 2872 9105 9946 9622 8529 7770 2714 3480 3024 2655 9044 8375 3387 6094 9232 3075 3317 768 505 4220 3801 8349 9719 9307 45 368 
-1
5669 2852 9726 8055 267 7261 7210 1529 756 4449 7850 4081 200 1583 7391 1754 6635 3726 4979 8003 2033 5995 6975 6008 8485 2494 351 2872 9105 9946 9622 8529 7770 2714 3480 3024 2655 9044 8375 3387 6094 9232 3075 3317 768 505 4220 3801 8349 9719 9307 45 368 
2800 5669 2852 9726 8055 267 7261 7210 1529 756 4449 7850 4081 200 1583 7391 1754 6635 3726 4979 8003 2033 5995 6975 6008 8485 2494 351 2872 9105 9946 9622 8529 7770 2714 3480 3024 2655 9044 8375 3387 6094 9232 3075 3317 768 505 4220 3801 8349 9719 9307 45 368 
-1
2800 5669 2852 9726 8055 267 7261 7210 1529 756 4449 7850 4081 200 1583 7391 1754 6635 3726 4979 8003 2033 5995 6975 6008 8485 2494 351 2872 9105 9946 9622 8529 7770 2714 3480 3024 2655 9044 8375 3387 6094 9232 3075 3317 768 505 4220 3801 8349 9719 9307 45 368 
2800 5669 2852 9726 8055 267 7261 7210 1529 756 4449 7850 4081 200 1583 7391 1754 6635 3726 4979 8003 2033 5995 6975 6008 8485 2494 351 2872 9105 9946 9622 8529 7770 2714 3480 3024 2655 9044 8375 3387 6094 9232 3075 3317 768 505 4220 3801 8349 9719 9307 45 368 
2800 5669 2852 9726 8055 267 7261 7210 1529 756 4449 7850 4081 200 1583 7391 1754 6635 3726 4979 8003 2033 5995 6975 6008 8485 2494 351 2872 9105 9946 9622 8529 7770 2714 3480 3024 2655 9044 8375 3387 6094 9232 3075 3317 768 505 4220 3801 8349 9719 9307 45 368 
2800 5669 2852 9726 8055 267 7261 7210 1529 756 4449 7850 4081 200 1583 7391 1754 6635 3726 4979 8003 2033 5995 6975 6008 8485 2494 351 2872 9105 9946 9622 8529 7770 2714 3480 3024 2655 9044 8375 3387 6094 9232 3075 3317 768 505 4220 3801 8349 9719 9307 45 368 
2800 5669 2852 9726 8055 267 7261 7210 1529 756 4449 7850 4081 200 1583 7391 1754 6635 3726 4979 8003 2033 5995 6975 6008 8485 2494 351 2872 9105 9946 9622 8529 7770 2714 3480 3024 2655 9044 8375 3387 6094 9232 3075 3317 768 505 4220 3801 8349 9719 9307 45 368 
-1
-1
-1
8805 8106 7462 9656 237 2800 5669 2852 9726 8055 267 7261 7210 1529 756 4449 7850 4081 200 1583 7391 1754 6635 3726 4979 8003 2033 5995 6975 6008 8485 2494 351 2872 9105 9946 9622 8529 7770 2714 3480 3024 2655 9044 8375 3387 6094 9232 3075 3317 768 505 4220 3801 8349 9719 9307 45 368 
8805 8106 7462 9656 237 2800 5669 2852 9726 8055 267 7261 7210 1529 756 4449 7850 4081 200 1583 7391 1754 6635 3726 4979 8003 2033 5995 6975 6008 8485 2494 351 2872 9105 9946 9622 8529 7770 2714 3480 3024 2655 9044 8375 3387 6094 9232 3075 3317 768 505 4220 3801 8349 9719 9307 45 368 
5072 277 8805 8106 7462 9656 237 2800 5669 2852 9726 8055 267 7261 7210 1529 756 4449 7850 4081 200 1583 7391 1754 6635 3726 4979 8003 2033 5995 6975 6008 8485 2494 351 2872 9105 9946 9622 8529 7770 2714 3480 3024 2655 9044 8375 3387 6094 9232 3075 3317 768 505 4220 3801 8349 9719 9307 45 368 
-1
-1
-1
79403
-1
3616 1224 5072 277 8805 8106 7462 9656 237 2800 5669 2852 9726 8055 267 7261 7210 1529 756 4449 7850 4081 200 1583 7391 1754 6635 3726 4979 8003 2033 5995 6975 6008 8485 2494 351 2872 9105 9946 9622 8529 7770 2714 3480 3024 2655 9044 8375 3387 6094 9232 3075 3317 768 505 4220 3801 8349 9719 9307 45 368 
3616 1224 5072 277 8805 8106 7462 9656 237 2800 5669 2852 9726 8055 267 7261 7210 1529 756 4449 7850 4081 200 1583 7391 1754 6635 3726 4979 8003 2033 5995 6975 6008 8485 2494 351 2872 9105 9946 9622 8529 7770 2714 3480 3024 2655 9044 8375 3387 6094 9232 3075 3317 768 505 4220 3801 8349 9719 9307 45 368 
71731
-1
-1
8784 3616 1224 5072 277 8805 8106 7462 9656 237 2800 5669 2852 9726 8055 267 7261 7210 1529 756 4449 7850 4081 200 1583 7391 1754 6635 3726 4979 8003 2033 5995 6975 6008 8485 2494 351 2872 9105 9946 9622 8529 7770 2714 3480 3024 2655 9044 8375 3387 6094 9232 3075 3317 768 505 4220 3801 8349 9719 9307 45 368 
8784 3616 1224 5072 277 8805 8106 7462 9656 237 2800 5669 2852 9726 8055 267 7261 7210 1529 756 4449 7850 4081 200 1583 7391 1754 6635 3726 4979 8003 2033 5995 6975 6008 8485 2494 351 2872 9105 9946 9622 8529 7770 2714 3480 3024 2655 9044 8375 3387 6094 9232 3075 3317 768 505 4220 3801 8349 9719 9307 45 368 
8784 3616 1224 5072 277 8805 8106 7462 9656 237 2800 5669 2852 9726 8055 267 7261 7210 1529 756 4449 7850 4081 200 1583 7391 1754 6635 3726 4979 8003 2033 5995 6975 6008 8485 2494 351 2872 9105 9946 9622 8529 7770 2714 3480 3024 2655 9044 8375 3387 6094 9232 3075 3317 768 505 4220 3801 8349 9719 9307 45 368 
-1
-1
-1
55250
5318 6478 8784 3616 1224 5072 277 8805 8106 7462 9656 237 2800 5669 2852 9726 8055 267 7261 7210 1529 756 4449 7850 4081 200 1583 7391 1754 6635 3726 4979 8003 2033 5995 6975 6008 8485 2494 351 2872 9105 9946 9622 8529 7770 2714 3480 3024 2655 9044 8375 3387 6094 9232 3075 3317 768 505 4220 3801 8349 9719 9307 45 368 
5318 6478 8784 3616 1224 5072 277 8805 8106 7462 9656 237 2800 5669 2852 9726 8055 267 7261 7210 1529 756 4449 7850 4081 200 1583 7391 1754 6635 3726 4979 8003 2033 5995 6975 6008 8485 2494 351 2872 9105 9946 9622 8529 7770 2714 3480 3024 2655 9044 8375 3387 6094 9232 3075 3317 768 505 4220 3801 8349 9719 9307 45 368 
5318 6478 8784 3616 1224 5072 277 8805 8106 7462 9656 237 2800 5669 2852 9726 8055 267 7261 7210 1529 756 4449 7850 4081 200 1583 7391 1754 6635 3726 4979 8003 2033 5995 6975 6008 8485 2494 351 2872 9105 9946 9622 8529 7770 2714 3480 3024 2655 9044 8375 3387 6094 9232 3075 3317 768 505 4220 3801 8349 9719 9307 45 368 
5318 6478 8784 3616 1224 5072 277 8805 8106 7462 9656 237 2800 5669 2852 9726 8055 267 7261 7210 1529 756 4449 7850 4081 200 1583 7391 1754 6635 3726 4979 8003 2033 5995 6975 6008 8485 2494 351 2872 9105 9946 9622 8529 7770 2714 3480 3024 2655 9044 8375 3387 6094 9232 3075 3317 768 505 4220 3801 8349 9719 9307 45 368 
-1
5318 6478 8784 3616 1224 5072 277 8805 8106 7462 9656 237 2800 5669 2852 9726 8055 267 7261 7210 1529 756 4449 7850 4081 200 1583 7391 1754 6635 3726 4979 8003 2033 5995 6975 6008 8485 2494 351 2872 9105 9946 9622 8529 7770 2714 3480 3024 2655 9044 8375 3387 6094 9232 3075 3317 768 505 4220 3801 8349 9719 9307 45 368 
5318 6478 8784 3616 1224 5072 277 8805 8106 7462 9656 237 2800 5669 2852 9726 8055 267 7261 7210 1529 756 4449 7850 4081 200 1583 7391 1754 6635 3726 4979 8003 2033 5995 6975 6008 8485 2494 351 2872 9105 9946 9622 8529 7770 2714 3480 3024 2655 9044 8375 3387 6094 9232 3075 3317 768 505 4220 3801 8349 9719 9307 45 368 
81553
-1
6104 5356 9755 5318 6478 8784 3616 1224 5072 277 8805 8106 7462 9656 237 2800 5669 2852 9726 8055 267 7261 7210 1529 756 4449 7850 4081 200 1583 7391 1754 6635 3726 4979 8003 2033 5995 6975 6008 8485 2494 351 2872 9105 9946 9622 8529 7770 2714 3480 3024 2655 9044 8375 3387 6094 9232 3075 3317 768 505 4220 3801 8349 9719 9307 45 368 
-1
9382 6104 5356 9755 5318 6478 8784 3616 1224 5072 277 8805 8106 7462 9656 237 2800 5669 2852 9726 8055 267 7261 7210 1529 756 4449 7850 4081 200 1583 7391 1754 6635 3726 4979 8003 2033 5995 6975 6008 8485 2494 351 2872 9105 9946 9622 8529 7770 2714 3480 3024 2655 9044 8375 3387 6094 9232 3075 3317 768 505 4220 3801 8349 9719 9307 45 368 